1	H	8.988e-05	0.9992414	
2	He	0.0001785	3.968215	
3	Li	0.534	6.881371	
4	Be	1.848	8.934758	
5	B	2.355	10.71713	
6	C	2.1	11.90782	
7	N	0.0012506	13.88637	
8	O	0.001429	15.86195	
9	F	0.001696	18.83519	
10	Ne	0.0008999	20.00565	
11	Na	0.971	22.7923	
12	Mg	1.738	24.0962	
13	Al	2.6989	26.74971	
14	Si	2.33	27.84422	
15	P	2.24	30.70771	
16	S	2.0135	31.78458	
17	Cl	0.003214	35.14843	
18	Ar	0.0017837	39.60482	
19	K	0.862	38.76242	
20	Ca	1.55	39.73568	
21	Sc	2.989	44.56969	
22	Ti	4.54	47.4885	
23	V	6.11	50.50387	
24	Cr	7.19	51.54932	
25	Mn	7.325	54.46604	
26	Fe	7.874	55.36723	
27	Co	8.9	58.42692	
28	Ni	8.902	58.19572	
29	Cu	8.96	63.00009	
30	Zn	7.133	64.81834	
31	Ga	5.904	69.12106	
32	Ge	5.323	71.9664	
33	As	5.73	74.27797	
34	Se	4.79	78.28168	
35	Br	3.12	79.21757	
36	Kr	0.003733	83.08009	
37	Rb	1.532	84.73357	
38	Sr	2.54	86.86728	
39	Y	4.469	88.14213	
40	Zr	6.506	90.43635	
41	Nb	8.57	92.10826	
42	Mo	10.22	95.1158	
43	Tc	11.5	97.1581	
44	Ru	12.41	100.2017	
45	Rh	12.41	102.021	
46	Pd	12.02	105.4859	
47	Ag	10.5	106.9413	
48	Cd	8.65	111.4443	
49	In	7.31	113.8336	
50	Sn	7.31	117.6704	
51	Sb	6.691	120.7041	
52	Te	6.24	126.5038	
53	I	4.93	125.8138	
54	Xe	0.005887	130.172	
55	Cs	1.873	131.7632	
56	Ba	3.5	136.1502	
57	La	6.145	137.7117	
58	Ce	6.77	138.9163	
59	Pr	6.773	139.6975	
60	Nd	7.008	143.0009	
61	Pm	7.264	143.7543	
62	Sm	7.52	149.108	
63	Eu	5.244	150.6545	
64	Gd	7.901	155.8991	
65	Tb	8.23	157.5597	
66	Dy	8.551	161.104	
67	Ho	8.795	163.5131	
68	Er	9.066	165.8231	
69	Tm	9.321	167.4827	
70	Yb	6.9345	171.5535	
71	Lu	9.841	173.4639	
72	Hf	13.31	176.9566	
73	Ta	16.654	179.3935	
74	W	19.3	182.2706	
75	Re	21.02	184.6073	
76	Os	22.57	188.566	
77	Ir	22.42	190.5687	
78	Pt	21.45	193.414	
79	Au	19.3	195.2739	
80	Hg	13.546	198.8668	
81	Tl	11.85	202.6143	
82	Pb	11.35	205.42	
83	Bi	9.747	207.1847	
84	Po	-1.0	207.2045	
85	At	-1.0	208.1959	
86	Rn	-1.0	220.0928	
87	Fr	-1.0	221.0843	
88	Ra	-1.0	224.0585	
89	Ac	-1.0	225.0499	
90	Th	-1.0	230.0446	
91	Pa	-1.0	229.0155	
92	U	-1.0	235.9841	
93	Np	-1.0	234.964	
94	Pu	-1.0	241.9039	
95	Am	-1.0	240.9124	
96	Cm	-1.0	244.8781	
97	Bk	-1.0	244.8781	
98	Cf	-1.0	248.8437	
99	Es	-1.0	249.8351	
100	Fm	-1.0	254.7922	
101	Md	-1.0	-1.0	
102	No	-1.0	-1.0	
103	Lr	-1.0	-1.0	
104	Rf	-1.0	-1.0	
105	Db	-1.0	-1.0	
106	Sg	-1.0	-1.0	
107	Bh	-1.0	-1.0	
108	Hs	-1.0	-1.0	
109	Mt	-1.0	-1.0	
110	Ds	-1.0	-1.0	
111	Rg	-1.0	-1.0	
112	Cn	-1.0	-1.0	
