ВОЗДУХ ПРИЛИПАНИЕ
ТАБЛИЦА ПОЛНЫХ СЕЧЕНИЙ(1/СМ)
ЧИСЛО ЗНАЧЕНИЙ ЭНЕРГИИ ЭЛЕКТРОНА
 92 
НОМЕР ЭНЕРГИИ, С КОТОРОЙ НАЧИНАЕТСЯ ДИСС ПРИЛИПАНИЕ
 35 

 ЭНЕРГИЯ(МЭВ) ПОЛНОЕ СЕЧЕНИЕ(1/СМ)
 0.0000E+00   0.0000E+00
 5.8000E-08   0.0000E+00
 7.3000E-08   1.9081E+01
 8.3000E-08   6.1333E+01
 8.9000E-08   1.4311E+01
 9.5000E-08   2.8622E+01
 1.0300E-07   6.1333E+01
 1.0900E-07   0.0000E+00
 1.5000E-07   0.0000E+00
 1.7000E-07   0.0000E+00
 2.0000E-07   0.0000E+00
 2.1000E-07   1.2130E+01
 2.3000E-07   0.0000E+00
 3.2000E-07   0.0000E+00
 3.3000E-07   7.8370E+00
 3.5000E-07   0.0000E+00
 4.4000E-07   0.0000E+00
 4.5000E-07   4.9407E+00
 4.7000E-07   0.0000E+00
 5.6000E-07   0.0000E+00
 5.7000E-07   3.7481E+00
 5.9000E-07   0.0000E+00
 6.8000E-07   0.0000E+00
 6.9000E-07   2.7259E+00
 7.1000E-07   0.0000E+00
 7.9000E-07   0.0000E+00
 8.0000E-07   2.3852E+00
 8.2000E-07   0.0000E+00
 9.0000E-07   0.0000E+00
 9.1000E-07   1.8741E+00
 9.3000E-07   0.0000E+00
 1.0200E-06   0.0000E+00
 1.0300E-06   1.4311E+00
 1.0500E-06   0.0000E+00
 4.2000E-06   0.0000E+00
 4.3000E-06   5.1368E-02
 4.4000E-06   1.5410E-01
 4.5000E-06   2.5684E-01
 4.6000E-06   4.1095E-01
 4.7000E-06   5.6505E-01
 4.8000E-06   7.7052E-01
 4.9000E-06   1.0274E+00
 5.0000E-06   1.2842E+00
 5.1000E-06   1.6952E+00
 5.2000E-06   2.1061E+00
 5.3000E-06   2.6198E+00
 5.4000E-06   3.1335E+00
 5.5000E-06   3.6985E+00
 5.6000E-06   4.3663E+00
 5.7000E-06   4.9827E+00
 5.8000E-06   5.5991E+00
 5.9000E-06   6.1128E+00
 6.0000E-06   6.6779E+00
 6.1000E-06   7.1916E+00
 6.2000E-06   7.6539E+00
 6.3000E-06   7.9621E+00
 6.4000E-06   8.1162E+00
 6.5000E-06   8.2189E+00
 6.6000E-06   8.1676E+00
 6.7000E-06   8.0134E+00
 6.8000E-06   7.8080E+00
 6.9000E-06   7.4998E+00
 7.0000E-06   7.1402E+00
 7.1000E-06   6.6779E+00
 7.2000E-06   6.2156E+00
 7.3000E-06   5.7532E+00
 7.4000E-06   5.2396E+00
 7.5000E-06   4.7772E+00
 7.6000E-06   4.3149E+00
 7.7000E-06   3.7499E+00
 7.8000E-06   3.3389E+00
 7.9000E-06   2.9280E+00
 8.0000E-06   2.6198E+00
 8.1000E-06   2.2602E+00
 8.2000E-06   1.9520E+00
 8.3000E-06   1.6438E+00
 8.4000E-06   1.3869E+00
 8.5000E-06   1.1815E+00
 8.6000E-06   9.7600E-01
 8.7000E-06   8.2189E-01
 8.8000E-06   7.1916E-01
 8.9000E-06   6.1642E-01
 9.0000E-06   5.1368E-01
 9.1000E-06   4.1095E-01
 9.2000E-06   4.1095E-01
 9.3000E-06   3.5958E-01
 9.4000E-06   3.0821E-01
 9.5000E-06   2.5684E-01
 9.6000E-06   2.5684E-01
 9.8000E-06   2.0547E-01
 9.9000E-06   2.0547E-01
 1.5000E-05   0.0000E+00
