ВОЗДУХ СЕЧЕНИЯ ВОЗБУЖДЕНИЯ ЭЛЕКТРОННЫХ И КОЛЕБАТЕЛЬНЫХ УРОВНЕЙ
ТАБЛИЦА ПОЛНЫХ СЕЧЕНИЙ
0
ЧИСЛО УРОВНЕЙ ЭНЕРГИИ ЭЛЕКТРОНА
 30 

НОМЕР УРОВНЯ ЭНЕРГИИ
 1 
ПЕРЕДАВАЕМАЯ ЭНЕРГИЯ (МЭВ)
2.8901E-07
ЧИСЛО ЗНАЧЕНИЙ ЭНЕРГИИ ЭЛЕКТРОНА
 25 
 ЭНЕРГИЯ(МЭВ) ПОЛНОЕ СЕЧЕНИЕ(1/СМ)
 0.0000E+00   0.0000E+00
 1.4972E-06   0.0000E+00
 1.6667E-06   7.9286E+02
 1.7797E-06   2.1143E+03
 1.8362E-06   4.4928E+03
 1.9492E-06   1.0483E+04
 2.0056E-06   8.3690E+03
 2.0339E-06   5.4619E+03
 2.1186E-06   3.5238E+03
 2.1751E-06   6.9595E+03
 2.2599E-06   1.0571E+04
 2.3729E-06   6.6071E+03
 2.4576E-06   3.3476E+03
 2.5989E-06   9.7786E+03
 2.7119E-06   3.2595E+03
 2.8531E-06   7.8405E+03
 3.0226E-06   2.7309E+03
 3.0791E-06   5.8143E+03
 3.2203E-06   2.4667E+03
 3.3051E-06   3.5238E+03
 3.4181E-06   1.7619E+03
 3.5028E-06   2.2024E+03
 3.8701E-06   8.8095E+02
 4.2655E-06   3.5238E+02
 5.0000E-06   0.0000E+00

НОМЕР УРОВНЯ ЭНЕРГИИ
 2 
ПЕРЕДАВАЕМАЯ ЭНЕРГИЯ (МЭВ)
5.7443E-07
ЧИСЛО ЗНАЧЕНИЙ ЭНЕРГИИ ЭЛЕКТРОНА
 25 
 ЭНЕРГИЯ(МЭВ) ПОЛНОЕ СЕЧЕНИЕ(1/СМ)
 0.0000E+00   0.0000E+00
 1.5607E-06   0.0000E+00
 1.7630E-06   5.2490E+02
 1.8497E-06   1.4997E+03
 1.9075E-06   4.0492E+03
 1.9653E-06   6.5238E+03
 2.0231E-06   7.4236E+03
 2.1098E-06   5.3990E+03
 2.1676E-06   3.0744E+03
 2.2254E-06   1.7997E+03
 2.2832E-06   4.2742E+03
 2.3988E-06   7.6485E+03
 2.4566E-06   4.8741E+03
 2.5434E-06   1.4997E+03
 2.6012E-06   3.1494E+03
 2.6879E-06   4.4242E+03
 2.8613E-06   1.3497E+03
 2.9769E-06   2.4745E+03
 3.1214E-06   1.0498E+03
 3.2370E-06   1.7247E+03
 3.3526E-06   6.7487E+02
 3.4682E-06   1.0498E+03
 3.6127E-06   4.4991E+02
 4.0173E-06   2.2496E+02
 5.0000E-06   0.0000E+00

НОМЕР УРОВНЯ ЭНЕРГИИ
 3 
ПЕРЕДАВАЕМАЯ ЭНЕРГИЯ (МЭВ)
8.5627E-07
ЧИСЛО ЗНАЧЕНИЙ ЭНЕРГИИ ЭЛЕКТРОНА
 31 
 ЭНЕРГИЯ(МЭВ) ПОЛНОЕ СЕЧЕНИЕ(1/СМ)
 0.0000E+00   0.0000E+00
 1.6949E-06   0.0000E+00
 1.8079E-06   1.3793E+02
 1.8927E-06   5.0574E+02
 1.9209E-06   9.6551E+02
 2.0056E-06   2.4827E+03
 2.0339E-06   3.3103E+03
 2.0904E-06   4.1839E+03
 2.1751E-06   5.2873E+03
 2.2316E-06   3.5862E+03
 2.2881E-06   2.2529E+03
 2.3446E-06   6.8965E+02
 2.4294E-06   1.7471E+03
 2.4576E-06   2.5287E+03
 2.4859E-06   3.4023E+03
 2.5424E-06   3.8620E+03
 2.5989E-06   3.1724E+03
 2.6271E-06   2.2069E+03
 2.6554E-06   1.4253E+03
 2.7119E-06   5.5172E+02
 2.7966E-06   1.4253E+03
 2.8531E-06   2.1149E+03
 2.9379E-06   1.0575E+03
 3.0226E-06   4.1379E+02
 3.1356E-06   1.0115E+03
 3.2768E-06   2.7586E+02
 3.3898E-06   5.0574E+02
 3.5311E-06   1.3793E+02
 3.6441E-06   2.7586E+02
 3.9831E-06   9.1953E+01
 4.5198E-06   0.0000E+00

НОМЕР УРОВНЯ ЭНЕРГИИ
 4 
ПЕРЕДАВАЕМАЯ ЭНЕРГИЯ (МЭВ)
1.1345E-06
ЧИСЛО ЗНАЧЕНИЙ ЭНЕРГИИ ЭЛЕКТРОНА
 31 
 ЭНЕРГИЯ(МЭВ) ПОЛНОЕ СЕЧЕНИЕ(1/СМ)
 0.0000E+00   0.0000E+00
 1.7500E-06   0.0000E+00
 1.8276E-06   3.8525E+01
 1.9425E-06   2.6967E+02
 2.0115E-06   6.1640E+02
 2.0575E-06   1.0402E+03
 2.1034E-06   1.5795E+03
 2.1494E-06   2.4271E+03
 2.1724E-06   3.5058E+03
 2.2184E-06   3.7369E+03
 2.2644E-06   3.5058E+03
 2.3103E-06   3.0435E+03
 2.3333E-06   2.6967E+03
 2.3563E-06   2.0033E+03
 2.3793E-06   1.5795E+03
 2.4253E-06   6.9345E+02
 2.4943E-06   3.4672E+02
 2.5402E-06   8.0902E+02
 2.5862E-06   1.5795E+03
 2.6552E-06   2.1574E+03
 2.7241E-06   1.5410E+03
 2.7471E-06   1.0787E+03
 2.8391E-06   3.0820E+02
 2.9310E-06   7.3197E+02
 3.0000E-06   9.2459E+02
 3.1379E-06   1.5410E+02
 3.2529E-06   4.2377E+02
 3.4138E-06   7.7050E+01
 3.5287E-06   1.5410E+02
 3.6897E-06   3.8525E+01
 4.1034E-06   0.0000E+00

НОМЕР УРОВНЯ ЭНЕРГИИ
 5 
ПЕРЕДАВАЕМАЯ ЭНЕРГИЯ (МЭВ)
1.4092E-06
ЧИСЛО ЗНАЧЕНИЙ ЭНЕРГИИ ЭЛЕКТРОНА
 33 
 ЭНЕРГИЯ(МЭВ) ПОЛНОЕ СЕЧЕНИЕ(1/СМ)
 0.0000E+00   0.0000E+00
 1.8889E-06   0.0000E+00
 2.0292E-06   9.6165E+01
 2.0994E-06   2.4041E+02
 2.1462E-06   5.7699E+02
 2.1930E-06   9.3761E+02
 2.2632E-06   1.3944E+03
 2.3333E-06   2.0675E+03
 2.3801E-06   2.4522E+03
 2.4035E-06   2.6686E+03
 2.4503E-06   2.4522E+03
 2.4737E-06   1.9954E+03
 2.5205E-06   1.2742E+03
 2.5439E-06   7.4528E+02
 2.5906E-06   3.8466E+02
 2.6374E-06   1.9233E+02
 2.7076E-06   6.0103E+02
 2.7310E-06   8.4144E+02
 2.7778E-06   1.1059E+03
 2.8246E-06   1.2742E+03
 2.8713E-06   1.0819E+03
 2.9181E-06   5.7699E+02
 2.9883E-06   1.4425E+02
 3.0585E-06   3.6062E+02
 3.1287E-06   5.5295E+02
 3.1988E-06   3.6062E+02
 3.2456E-06   1.4425E+02
 3.3158E-06   4.8082E+01
 3.4327E-06   1.9233E+02
 3.5731E-06   4.8082E+01
 3.6901E-06   9.6165E+01
 3.9474E-06   2.4041E+01
 4.4152E-06   0.0000E+00

НОМЕР УРОВНЯ ЭНЕРГИИ
 6 
ПЕРЕДАВАЕМАЯ ЭНЕРГИЯ (МЭВ)
1.6803E-06
ЧИСЛО ЗНАЧЕНИЙ ЭНЕРГИИ ЭЛЕКТРОНА
 32 
 ЭНЕРГИЯ(МЭВ) ПОЛНОЕ СЕЧЕНИЕ(1/СМ)
 0.0000E+00   0.0000E+00
 2.0058E-06   0.0000E+00
 2.1462E-06   2.5644E+01
 2.2398E-06   1.2822E+02
 2.3099E-06   2.6926E+02
 2.3567E-06   5.6417E+02
 2.4035E-06   9.7447E+02
 2.4503E-06   1.1924E+03
 2.5205E-06   1.3720E+03
 2.6374E-06   1.3078E+03
 2.6842E-06   1.1412E+03
 2.7076E-06   8.7189E+02
 2.7310E-06   6.5392E+02
 2.7778E-06   2.6926E+02
 2.8246E-06   1.0258E+02
 2.8713E-06   2.4362E+02
 2.9181E-06   4.6159E+02
 2.9883E-06   6.6674E+02
 3.0351E-06   5.8981E+02
 3.0819E-06   4.6159E+02
 3.1287E-06   2.5644E+02
 3.1520E-06   1.0258E+02
 3.1988E-06   5.1288E+01
 3.2456E-06   1.5386E+02
 3.2924E-06   2.4362E+02
 3.3392E-06   2.9491E+02
 3.3860E-06   1.9233E+02
 3.4327E-06   8.9754E+01
 3.5029E-06   1.2822E+01
 3.6433E-06   8.9754E+01
 3.7602E-06   1.2822E+01
 4.5088E-06   0.0000E+00

НОМЕР УРОВНЯ ЭНЕРГИИ
 7 
ПЕРЕДАВАЕМАЯ ЭНЕРГИЯ (МЭВ)
1.9478E-06
ЧИСЛО ЗНАЧЕНИЙ ЭНЕРГИИ ЭЛЕКТРОНА
 31 
 ЭНЕРГИЯ(МЭВ) ПОЛНОЕ СЕЧЕНИЕ(1/СМ)
 0.0000E+00   0.0000E+00
 2.2688E-06   0.0000E+00
 2.3699E-06   1.8802E+01
 2.4306E-06   6.2675E+01
 2.4913E-06   1.5669E+02
 2.5520E-06   2.3816E+02
 2.5723E-06   3.4471E+02
 2.6329E-06   5.3273E+02
 2.6532E-06   6.1421E+02
 2.6734E-06   6.5808E+02
 2.7139E-06   6.1421E+02
 2.7341E-06   5.2020E+02
 2.7543E-06   4.5752E+02
 2.7948E-06   3.3844E+02
 2.8555E-06   2.2563E+02
 2.9162E-06   8.7744E+01
 2.9769E-06   2.5070E+01
 3.0376E-06   5.6407E+01
 3.0578E-06   1.2535E+02
 3.0983E-06   1.8802E+02
 3.1590E-06   2.2563E+02
 3.1994E-06   1.6295E+02
 3.2399E-06   1.0655E+02
 3.2803E-06   4.3872E+01
 3.3613E-06   6.2675E+00
 3.5029E-06   7.5210E+01
 3.6647E-06   0.0000E+00
 3.8064E-06   1.8802E+01
 4.0087E-06   0.0000E+00
 4.1301E-06   1.8802E+01
 4.2717E-06   0.0000E+00

НОМЕР УРОВНЯ ЭНЕРГИИ
 8 
ПЕРЕДАВАЕМАЯ ЭНЕРГИЯ (МЭВ)
2.2117E-06
ЧИСЛО ЗНАЧЕНИЙ ЭНЕРГИИ ЭЛЕКТРОНА
 27 
 ЭНЕРГИЯ(МЭВ) ПОЛНОЕ СЕЧЕНИЕ(1/СМ)
 0.0000E+00   0.0000E+00
 2.4306E-06   0.0000E+00
 2.5520E-06   1.8709E+01
 2.6127E-06   5.3010E+01
 2.6734E-06   1.1537E+02
 2.7139E-06   1.4656E+02
 2.7746E-06   1.6527E+02
 2.8150E-06   2.3387E+02
 2.8757E-06   3.0247E+02
 2.9364E-06   2.3075E+02
 2.9566E-06   1.7150E+02
 2.9971E-06   1.1537E+02
 3.0376E-06   4.9891E+01
 3.0780E-06   2.1828E+01
 3.1387E-06   6.2364E+00
 3.1994E-06   2.1828E+01
 3.2197E-06   6.8601E+01
 3.2803E-06   1.1226E+02
 3.3613E-06   9.0428E+01
 3.4017E-06   4.6773E+01
 3.5029E-06   3.1182E+00
 3.6647E-06   2.4946E+01
 3.8266E-06   0.0000E+00
 3.9682E-06   1.2473E+01
 4.1098E-06   0.0000E+00
 4.1705E-06   9.3546E+00
 4.3728E-06   0.0000E+00

НОМЕР УРОВНЯ ЭНЕРГИИ
 9 
ПЕРЕДАВАЕМАЯ ЭНЕРГИЯ (МЭВ)
6.1690E-06
ЧИСЛО ЗНАЧЕНИЙ ЭНЕРГИИ ЭЛЕКТРОНА
 36 
 ЭНЕРГИЯ(МЭВ) ПОЛНОЕ СЕЧЕНИЕ(1/СМ)
 0.0000E+00   0.0000E+00
 6.1690E-06   0.0000E+00
 7.6500E-06   1.0498E+01
 7.9600E-06   1.0078E+02
 8.2600E-06   1.7847E+02
 8.5200E-06   2.6245E+02
 8.7400E-06   2.8765E+02
 9.5700E-06   3.2124E+02
 1.0400E-05   3.5273E+02
 1.0960E-05   3.8423E+02
 1.1530E-05   4.7451E+02
 1.1880E-05   5.2700E+02
 1.1970E-05   5.3330E+02
 1.2100E-05   5.3960E+02
 1.2230E-05   5.3330E+02
 1.2540E-05   5.0180E+02
 1.3150E-05   4.2412E+02
 1.3900E-05   3.7793E+02
 1.4850E-05   3.4014E+02
 1.5000E-05   3.3594E+02
 1.6000E-05   3.1914E+02
 1.7000E-05   3.0444E+02
 1.8000E-05   2.8974E+02
 1.9000E-05   2.7715E+02
 2.0000E-05   2.6455E+02
 2.5000E-05   2.0786E+02
 3.0000E-05   1.6377E+02
 3.5000E-05   1.3018E+02
 4.0000E-05   1.0288E+02
 4.5000E-05   7.9785E+01
 5.0000E-05   6.2988E+01
 6.0000E-05   3.6451E+01
 8.0000E-05   1.5378E+01
 1.0000E-04   7.8735E+00
 1.5000E-04   2.3329E+00
 2.0000E-04   0.0000E+00

НОМЕР УРОВНЯ ЭНЕРГИИ
 10 
ПЕРЕДАВАЕМАЯ ЭНЕРГИЯ (МЭВ)
7.3530E-06
ЧИСЛО ЗНАЧЕНИЙ ЭНЕРГИИ ЭЛЕКТРОНА
 31 
 ЭНЕРГИЯ(МЭВ) ПОЛНОЕ СЕЧЕНИЕ(1/СМ)
 0.0000E+00   0.0000E+00
 7.3530E-06   0.0000E+00
 8.5500E-06   4.1992E+00
 9.0000E-06   2.9604E+02
 9.5000E-06   4.2412E+02
 1.0000E-05   5.2490E+02
 1.0500E-05   6.0258E+02
 1.1000E-05   6.5717E+02
 1.1500E-05   6.9287E+02
 1.2000E-05   7.0966E+02
 1.2500E-05   7.1176E+02
 1.3000E-05   6.9917E+02
 1.3500E-05   6.7817E+02
 1.4000E-05   6.4668E+02
 1.4500E-05   6.0888E+02
 1.5000E-05   5.6689E+02
 1.6000E-05   4.7031E+02
 1.7000E-05   4.1782E+02
 1.8000E-05   3.7163E+02
 1.9000E-05   3.3384E+02
 2.0000E-05   3.0234E+02
 2.5000E-05   1.9316E+02
 3.0000E-05   1.3437E+02
 3.5000E-05   1.0288E+02
 4.0000E-05   7.5586E+01
 4.5000E-05   5.8789E+01
 5.0000E-05   4.8291E+01
 6.0000E-05   2.7946E+01
 8.0000E-05   1.1790E+01
 1.0000E-04   6.0363E+00
 1.5000E-04   0.0000E+00

НОМЕР УРОВНЯ ЭНЕРГИИ
 11 
ПЕРЕДАВАЕМАЯ ЭНЕРГИЯ (МЭВ)
7.3620E-06
ЧИСЛО ЗНАЧЕНИЙ ЭНЕРГИИ ЭЛЕКТРОНА
 31 
 ЭНЕРГИЯ(МЭВ) ПОЛНОЕ СЕЧЕНИЕ(1/СМ)
 0.0000E+00   0.0000E+00
 7.3620E-06   0.0000E+00
 9.0000E-06   3.5693E+01
 9.5000E-06   9.4482E+01
 1.0000E-05   1.5117E+02
 1.0500E-05   2.0156E+02
 1.1000E-05   2.4985E+02
 1.1500E-05   2.9394E+02
 1.2000E-05   3.3384E+02
 1.2500E-05   3.6953E+02
 1.3000E-05   4.0102E+02
 1.3500E-05   4.3042E+02
 1.4000E-05   4.5351E+02
 1.4500E-05   4.7031E+02
 1.5000E-05   4.8501E+02
 1.6000E-05   4.9970E+02
 1.6500E-05   4.9970E+02
 1.7000E-05   4.9551E+02
 1.8000E-05   4.7661E+02
 1.9000E-05   4.3882E+02
 2.0000E-05   4.0732E+02
 2.5000E-05   2.7505E+02
 3.0000E-05   1.8476E+02
 3.5000E-05   1.2388E+02
 4.0000E-05   8.3984E+01
 4.5000E-05   5.6689E+01
 5.0000E-05   3.7793E+01
 6.0000E-05   2.1871E+01
 8.0000E-05   9.2268E+00
 1.0000E-04   4.7241E+00
 1.5000E-04   0.0000E+00

НОМЕР УРОВНЯ ЭНЕРГИИ
 12 
ПЕРЕДАВАЕМАЯ ЭНЕРГИЯ (МЭВ)
8.1650E-06
ЧИСЛО ЗНАЧЕНИЙ ЭНЕРГИИ ЭЛЕКТРОНА
 32 
 ЭНЕРГИЯ(МЭВ) ПОЛНОЕ СЕЧЕНИЕ(1/СМ)
 0.0000E+00   0.0000E+00
 8.1650E-06   0.0000E+00
 1.0000E-05   1.4697E+01
 1.0500E-05   1.6797E+01
 1.1000E-05   3.9892E+01
 1.1500E-05   7.7685E+01
 1.2000E-05   1.2178E+02
 1.2500E-05   1.7217E+02
 1.3000E-05   2.2046E+02
 1.3500E-05   2.6245E+02
 1.4000E-05   3.0024E+02
 1.4500E-05   3.2544E+02
 1.5000E-05   3.4223E+02
 1.5500E-05   3.4643E+02
 1.6000E-05   3.4014E+02
 1.6500E-05   3.2124E+02
 1.7000E-05   2.9394E+02
 1.7500E-05   2.6035E+02
 1.8000E-05   2.3096E+02
 1.8500E-05   2.1206E+02
 1.9000E-05   1.9526E+02
 1.9500E-05   1.8057E+02
 2.0000E-05   1.6797E+02
 2.5000E-05   8.6084E+01
 3.0000E-05   5.0390E+01
 3.5000E-05   3.1494E+01
 4.0000E-05   2.0996E+01
 4.5000E-05   1.4697E+01
 5.0000E-05   1.0498E+01
 6.0000E-05   6.0752E+00
 8.0000E-05   2.5630E+00
 1.0000E-04   0.0000E+00

НОМЕР УРОВНЯ ЭНЕРГИИ
 13 
ПЕРЕДАВАЕМАЯ ЭНЕРГИЯ (МЭВ)
8.4010E-06
ЧИСЛО ЗНАЧЕНИЙ ЭНЕРГИИ ЭЛЕКТРОНА
 34 
 ЭНЕРГИЯ(МЭВ) ПОЛНОЕ СЕЧЕНИЕ(1/СМ)
 0.0000E+00   0.0000E+00
 8.4010E-06   0.0000E+00
 9.4000E-06   1.2598E+01
 9.5000E-06   2.3096E+01
 1.0000E-05   6.5088E+01
 1.0500E-05   8.8183E+01
 1.1000E-05   1.0708E+02
 1.1500E-05   1.2388E+02
 1.2000E-05   1.4487E+02
 1.2500E-05   1.6797E+02
 1.3000E-05   1.9106E+02
 1.3500E-05   2.1206E+02
 1.4000E-05   2.3096E+02
 1.4500E-05   2.3725E+02
 1.5000E-05   2.3725E+02
 1.5500E-05   2.2466E+02
 1.6000E-05   1.9946E+02
 1.6500E-05   1.6587E+02
 1.7000E-05   1.3227E+02
 1.7500E-05   1.1758E+02
 1.8000E-05   1.0498E+02
 1.8500E-05   9.4482E+01
 1.9000E-05   8.6084E+01
 2.0000E-05   7.1386E+01
 2.5000E-05   3.7793E+01
 3.0000E-05   2.9394E+01
 3.5000E-05   2.5195E+01
 4.0000E-05   2.3096E+01
 4.5000E-05   2.0996E+01
 5.0000E-05   2.0996E+01
 1.0000E-04   5.2700E+00
 1.5000E-04   3.5133E+00
 2.0000E-04   2.6350E+00
 3.0000E-04   0.0000E+00

НОМЕР УРОВНЯ ЭНЕРГИИ
 14 
ПЕРЕДАВАЕМАЯ ЭНЕРГИЯ (МЭВ)
8.5510E-06
ЧИСЛО ЗНАЧЕНИЙ ЭНЕРГИИ ЭЛЕКТРОНА
 41 
 ЭНЕРГИЯ(МЭВ) ПОЛНОЕ СЕЧЕНИЕ(1/СМ)
 0.0000E+00   0.0000E+00
 8.5510E-06   0.0000E+00
 9.0000E-06   7.9785E+01
 9.5000E-06   1.3857E+02
 1.0000E-05   2.0786E+02
 1.1000E-05   3.6533E+02
 1.2000E-05   5.3330E+02
 1.3000E-05   6.9077E+02
 1.4000E-05   8.2724E+02
 1.5000E-05   9.3012E+02
 1.5500E-05   9.6372E+02
 1.6000E-05   9.8471E+02
 1.6500E-05   9.9311E+02
 1.7000E-05   9.8891E+02
 1.7500E-05   9.7001E+02
 1.8000E-05   9.3642E+02
 1.9000E-05   8.2724E+02
 2.1500E-05   6.2988E+02
 2.5000E-05   5.4170E+02
 3.0000E-05   4.5141E+02
 3.5000E-05   3.8843E+02
 4.0000E-05   3.3804E+02
 4.5000E-05   3.0234E+02
 5.0000E-05   2.7085E+02
 6.0000E-05   2.2676E+02
 7.0000E-05   1.9316E+02
 8.0000E-05   1.7007E+02
 9.0000E-05   1.5117E+02
 1.0000E-04   1.3647E+02
 1.1000E-04   1.2178E+02
 1.5000E-04   8.8183E+01
 2.0000E-04   7.1596E+01
 3.0000E-04   4.7731E+01
 4.0000E-04   3.5798E+01
 6.0000E-04   2.3865E+01
 8.0000E-04   1.7899E+01
 1.0000E-03   1.4319E+01
 1.5000E-03   9.5462E+00
 2.0000E-03   7.1596E+00
 5.0000E-03   2.8639E+00
 8.0000E-03   0.0000E+00

НОМЕР УРОВНЯ ЭНЕРГИИ
 15 
ПЕРЕДАВАЕМАЯ ЭНЕРГИЯ (МЭВ)
8.8910E-06
ЧИСЛО ЗНАЧЕНИЙ ЭНЕРГИИ ЭЛЕКТРОНА
 34 
 ЭНЕРГИЯ(МЭВ) ПОЛНОЕ СЕЧЕНИЕ(1/СМ)
 0.0000E+00   0.0000E+00
 8.8910E-06   0.0000E+00
 8.9000E-06   2.0996E-01
 9.0000E-06   4.1992E+00
 9.5000E-06   5.0390E+01
 1.0000E-05   9.0283E+01
 1.0500E-05   1.2808E+02
 1.1000E-05   1.5957E+02
 1.1500E-05   1.8476E+02
 1.2000E-05   2.0156E+02
 1.2500E-05   2.1416E+02
 1.3000E-05   2.2046E+02
 1.3500E-05   2.2046E+02
 1.4000E-05   2.1626E+02
 1.4500E-05   2.0786E+02
 1.5000E-05   1.9526E+02
 1.5500E-05   1.8057E+02
 1.6000E-05   1.6377E+02
 1.7000E-05   1.3018E+02
 1.8000E-05   1.0288E+02
 1.9000E-05   9.2382E+01
 2.0000E-05   8.3984E+01
 2.5000E-05   5.4590E+01
 3.0000E-05   3.7793E+01
 3.5000E-05   2.7295E+01
 4.0000E-05   2.0996E+01
 4.5000E-05   1.6797E+01
 5.0000E-05   1.2598E+01
 1.0000E-04   1.5726E+01
 1.5000E-04   1.0484E+01
 2.0000E-04   7.8630E+00
 3.0000E-04   5.2420E+00
 5.0000E-04   3.1452E+00
 1.0000E-03   0.0000E+00

НОМЕР УРОВНЯ ЭНЕРГИИ
 16 
ПЕРЕДАВАЕМАЯ ЭНЕРГИЯ (МЭВ)
1.1032E-05
ЧИСЛО ЗНАЧЕНИЙ ЭНЕРГИИ ЭЛЕКТРОНА
 29 
 ЭНЕРГИЯ(МЭВ) ПОЛНОЕ СЕЧЕНИЕ(1/СМ)
 0.0000E+00   0.0000E+00
 1.1032E-05   0.0000E+00
 1.1500E-05   1.5537E+02
 1.2000E-05   3.0864E+02
 1.2500E-05   4.8081E+02
 1.3000E-05   7.0337E+02
 1.3500E-05   9.5532E+02
 1.4000E-05   1.1569E+03
 1.4500E-05   1.2241E+03
 1.5000E-05   1.1569E+03
 1.5700E-05   1.0036E+03
 1.6000E-05   9.3852E+02
 1.6500E-05   8.4614E+02
 1.7000E-05   7.4116E+02
 1.7500E-05   6.3408E+02
 1.8000E-05   5.7949E+02
 1.8500E-05   5.4170E+02
 1.9000E-05   5.0810E+02
 1.9500E-05   4.7451E+02
 2.0000E-05   4.4511E+02
 2.5000E-05   2.5615E+02
 3.0000E-05   1.6167E+02
 3.5000E-05   1.0918E+02
 4.0000E-05   7.9785E+01
 4.5000E-05   5.8789E+01
 5.0000E-05   4.6191E+01
 1.0000E-04   1.0498E+01
 1.5000E-04   3.1105E+00
 2.0000E-04   0.0000E+00

НОМЕР УРОВНЯ ЭНЕРГИИ
 17 
ПЕРЕДАВАЕМАЯ ЭНЕРГИЯ (МЭВ)
1.1875E-05
ЧИСЛО ЗНАЧЕНИЙ ЭНЕРГИИ ЭЛЕКТРОНА
 23 
 ЭНЕРГИЯ(МЭВ) ПОЛНОЕ СЕЧЕНИЕ(1/СМ)
 0.0000E+00   0.0000E+00
 1.1875E-05   0.0000E+00
 1.1900E-05   3.1074E+02
 1.1950E-05   2.5195E+02
 1.2000E-05   1.9946E+02
 1.2500E-05   6.0888E+01
 1.3000E-05   4.1992E+01
 1.4000E-05   1.6797E+01
 1.5000E-05   6.2988E+00
 1.6000E-05   4.1992E+00
 1.7000E-05   8.3984E+00
 1.8000E-05   1.4697E+01
 1.9000E-05   2.0996E+01
 2.0000E-05   2.5195E+01
 2.1000E-05   2.5195E+01
 2.5000E-05   1.8896E+01
 3.0000E-05   1.4697E+01
 3.5000E-05   1.0498E+01
 4.0000E-05   6.2988E+00
 4.5000E-05   5.2490E+00
 5.0000E-05   3.7793E+00
 6.0000E-05   2.4301E+00
 8.0000E-05   0.0000E+00

НОМЕР УРОВНЯ ЭНЕРГИИ
 18 
ПЕРЕДАВАЕМАЯ ЭНЕРГИЯ (МЭВ)
1.2255E-05
ЧИСЛО ЗНАЧЕНИЙ ЭНЕРГИИ ЭЛЕКТРОНА
 30 
 ЭНЕРГИЯ(МЭВ) ПОЛНОЕ СЕЧЕНИЕ(1/СМ)
 0.0000E+00   0.0000E+00
 1.2255E-05   0.0000E+00
 1.3000E-05   1.8896E+01
 1.4000E-05   4.6191E+01
 1.5000E-05   6.9287E+01
 1.6000E-05   8.8183E+01
 1.7000E-05   1.0498E+02
 1.8000E-05   1.1758E+02
 1.9000E-05   1.2598E+02
 2.0000E-05   1.3227E+02
 2.1000E-05   1.3437E+02
 2.2000E-05   1.3227E+02
 2.3000E-05   1.3018E+02
 2.4000E-05   1.2388E+02
 2.5000E-05   1.1548E+02
 2.7500E-05   9.2382E+01
 3.0000E-05   7.3486E+01
 3.5000E-05   5.2490E+01
 4.0000E-05   4.1992E+01
 4.5000E-05   3.3594E+01
 5.0000E-05   2.9394E+01
 6.0000E-05   2.4495E+01
 7.0000E-05   2.0996E+01
 8.0000E-05   1.8371E+01
 1.0000E-04   1.4697E+01
 1.5000E-04   9.7981E+00
 2.0000E-04   7.3486E+00
 3.0000E-04   4.8991E+00
 5.0000E-04   2.9394E+00
 1.0000E-03   0.0000E+00

НОМЕР УРОВНЯ ЭНЕРГИИ
 19 
ПЕРЕДАВАЕМАЯ ЭНЕРГИЯ (МЭВ)
1.2500E-05
ЧИСЛО ЗНАЧЕНИЙ ЭНЕРГИИ ЭЛЕКТРОНА
 40 
 ЭНЕРГИЯ(МЭВ) ПОЛНОЕ СЕЧЕНИЕ(1/СМ)
 0.0000E+00   0.0000E+00
 1.2500E-05   0.0000E+00
 1.3614E-05   3.1798E+01
 1.4233E-05   5.8920E+01
 1.4851E-05   8.7912E+01
 1.5470E-05   1.1971E+02
 1.6708E-05   1.7302E+02
 1.7946E-05   2.1510E+02
 1.8564E-05   2.4597E+02
 1.9802E-05   2.7496E+02
 2.1658E-05   3.0302E+02
 2.2896E-05   3.2079E+02
 2.4134E-05   3.3949E+02
 2.5990E-05   3.5445E+02
 3.0322E-05   3.7690E+02
 3.5272E-05   3.8532E+02
 4.0223E-05   3.8251E+02
 4.7649E-05   3.6848E+02
 6.9307E-05   3.1517E+02
 8.2921E-05   2.8525E+02
 9.9010E-05   2.5625E+02
 1.1572E-04   2.3287E+02
 1.3428E-04   2.1230E+02
 1.5099E-04   1.9827E+02
 1.8379E-04   1.7582E+02
 2.1473E-04   1.6086E+02
 2.5804E-04   1.4496E+02
 3.0000E-04   1.3280E+02
 4.0000E-04   1.1036E+02
 5.0000E-04   9.6329E+01
 6.0000E-04   8.4612E+01
 8.0000E-04   6.8343E+01
 1.0000E-03   5.7705E+01
 1.5000E-03   4.2142E+01
 2.0000E-03   3.3560E+01
 3.0000E-03   2.4209E+01
 5.0000E-03   1.5913E+01
 7.0000E-03   1.2019E+01
 1.0000E-02   8.8981E+00
 5.0000E-02   2.2168E+00

НОМЕР УРОВНЯ ЭНЕРГИИ
 20 
ПЕРЕДАВАЕМАЯ ЭНЕРГИЯ (МЭВ)
1.2854E-05
ЧИСЛО ЗНАЧЕНИЙ ЭНЕРГИИ ЭЛЕКТРОНА
 25 
 ЭНЕРГИЯ(МЭВ) ПОЛНОЕ СЕЧЕНИЕ(1/СМ)
 0.0000E+00   0.0000E+00
 1.2854E-05   0.0000E+00
 2.0812E-05   1.0432E+02
 2.3858E-05   1.6188E+02
 2.9442E-05   2.2739E+02
 3.5533E-05   2.5780E+02
 3.9594E-05   2.6996E+02
 4.9746E-05   2.8259E+02
 6.1421E-05   2.8444E+02
 7.9695E-05   2.7881E+02
 1.0000E-04   2.6662E+02
 1.4467E-04   2.3661E+02
 2.0000E-04   2.0473E+02
 2.5000E-04   1.8502E+02
 3.0000E-04   1.6858E+02
 4.0000E-04   1.4600E+02
 5.0000E-04   1.2545E+02
 6.0000E-04   1.0990E+02
 8.0000E-04   8.8772E+01
 1.0000E-03   7.4955E+01
 1.5000E-03   5.4739E+01
 2.0000E-03   4.3592E+01
 5.0000E-03   2.0670E+01
 1.0000E-02   1.1558E+01
 5.0000E-02   2.8795E+00

НОМЕР УРОВНЯ ЭНЕРГИИ
 21 
ПЕРЕДАВАЕМАЯ ЭНЕРГИЯ (МЭВ)
1.2935E-05
ЧИСЛО ЗНАЧЕНИЙ ЭНЕРГИИ ЭЛЕКТРОНА
 28 
 ЭНЕРГИЯ(МЭВ) ПОЛНОЕ СЕЧЕНИЕ(1/СМ)
 0.0000E+00   0.0000E+00
 1.2935E-05   0.0000E+00
 1.6751E-05   2.0195E+01
 1.8814E-05   4.2259E+01
 2.1924E-05   8.3770E+01
 2.6553E-05   1.2566E+02
 3.2195E-05   1.6791E+02
 4.0368E-05   2.0980E+02
 5.0036E-05   2.3710E+02
 6.1200E-05   2.5168E+02
 7.0832E-05   2.5842E+02
 8.0960E-05   2.5954E+02
 1.0000E-04   2.5542E+02
 1.4623E-04   2.3299E+02
 2.0000E-04   2.1055E+02
 2.4844E-04   1.9073E+02
 3.0000E-04   1.7427E+02
 3.5000E-04   1.6081E+02
 4.0000E-04   1.4959E+02
 5.0000E-04   1.2760E+02
 6.0000E-04   1.1179E+02
 8.0000E-04   9.0294E+01
 1.0000E-03   7.6239E+01
 1.5000E-03   5.5677E+01
 2.0000E-03   4.4339E+01
 5.0000E-03   2.1024E+01
 1.0000E-02   1.1756E+01
 5.0000E-02   2.9288E+00

НОМЕР УРОВНЯ ЭНЕРГИИ
 22 
ПЕРЕДАВАЕМАЯ ЭНЕРГИЯ (МЭВ)
1.9289E-07
ЧИСЛО ЗНАЧЕНИЙ ЭНЕРГИИ ЭЛЕКТРОНА
 24 
 ЭНЕРГИЯ(МЭВ) ПОЛНОЕ СЕЧЕНИЕ(1/СМ)
 2.0700E-07   0.0000E+00
 3.3000E-07   1.1797E+01
 4.5000E-07   3.9661E+01
 5.6900E-07   5.3651E+01
 6.8600E-07   4.9607E+01
 8.0100E-07   3.0786E+01
 9.1400E-07   1.7977E+01
 1.0250E-06   8.8890E+00
 1.1350E-06   4.7487E+00
 1.2420E-06   2.7122E+00
 1.3460E-06   0.0000E+00
 1.4490E-06   0.0000E+00
 4.0000E-06   0.0000E+00
 5.0000E-06   3.0181E+01
 6.0000E-06   6.7327E+01
 7.0000E-06   1.1724E+02
 8.0000E-06   1.4858E+02
 9.0000E-06   2.3390E+02
 9.5000E-06   2.6931E+02
 1.0000E-05   3.1109E+02
 1.1000E-05   2.3564E+02
 1.5000E-05   6.7327E+01
 2.0000E-05   1.0447E+01
 4.5000E-05   0.0000E+00

НОМЕР УРОВНЯ ЭНЕРГИИ
 23 
ПЕРЕДАВАЕМАЯ ЭНЕРГИЯ (МЭВ)
3.8278E-07
ЧИСЛО ЗНАЧЕНИЙ ЭНЕРГИИ ЭЛЕКТРОНА
 22 
 ЭНЕРГИЯ(МЭВ) ПОЛНОЕ СЕЧЕНИЕ(1/СМ)
 4.5000E-07   0.0000E+00
 5.6900E-07   4.1457E+00
 6.8600E-07   1.2402E+01
 8.0100E-07   1.6150E+01
 9.1400E-07   1.4382E+01
 1.0250E-06   9.9348E+00
 1.1350E-06   6.3316E+00
 1.2420E-06   3.1461E+00
 1.3460E-06   1.3394E+00
 1.4490E-06   6.1985E-01
 1.5500E-06   0.0000E+00
 5.0000E-06   0.0000E+00
 6.0000E-06   1.3349E+01
 7.0000E-06   3.4824E+01
 8.0000E-06   5.5718E+01
 9.0000E-06   9.4605E+01
 9.5000E-06   1.1666E+02
 1.0000E-05   1.4800E+02
 1.1000E-05   1.0157E+02
 1.5000E-05   2.2636E+01
 2.0000E-05   2.9020E+00
 4.5000E-05   0.0000E+00

НОМЕР УРОВНЯ ЭНЕРГИИ
 24 
ПЕРЕДАВАЕМАЯ ЭНЕРГИЯ (МЭВ)
5.6966E-07
ЧИСЛО ЗНАЧЕНИЙ ЭНЕРГИИ ЭЛЕКТРОНА
 19 
 ЭНЕРГИЯ(МЭВ) ПОЛНОЕ СЕЧЕНИЕ(1/СМ)
 6.8600E-07   0.0000E+00
 8.0100E-07   6.5611E-01
 9.1400E-07   2.8250E+00
 1.0250E-06   3.8171E+00
 1.1350E-06   3.6935E+00
 1.2420E-06   3.1461E+00
 1.3460E-06   1.8417E+00
 1.4490E-06   1.0143E+00
 1.5500E-06   5.7465E-01
 1.6490E-06   0.0000E+00
 6.0000E-06   0.0000E+00
 7.0000E-06   1.5090E+01
 8.0000E-06   2.3796E+01
 9.0000E-06   4.7012E+01
 9.5000E-06   5.8621E+01
 1.0000E-05   6.6746E+01
 1.1000E-05   5.2236E+01
 1.5000E-05   1.2769E+01
 2.0000E-05   0.0000E+00

НОМЕР УРОВНЯ ЭНЕРГИИ
 25 
ПЕРЕДАВАЕМАЯ ЭНЕРГИЯ (МЭВ)
7.5355E-07
ЧИСЛО ЗНАЧЕНИЙ ЭНЕРГИИ ЭЛЕКТРОНА
 17 
 ЭНЕРГИЯ(МЭВ) ПОЛНОЕ СЕЧЕНИЕ(1/СМ)
 1.0250E-06   0.0000E+00
 1.1350E-06   9.3013E-02
 1.2420E-06   1.7672E-01
 1.3460E-06   1.8603E-01
 1.4490E-06   1.5812E-01
 1.5500E-06   1.2092E-01
 1.6490E-06   5.8626E-01
 1.7480E-06   0.0000E+00
 6.0000E-06   0.0000E+00
 7.0000E-06   6.9648E+00
 8.0000E-06   1.3349E+01
 9.0000E-06   2.7279E+01
 9.5000E-06   3.3663E+01
 1.0000E-05   3.7726E+01
 1.1000E-05   3.0761E+01
 1.5000E-05   6.9648E+00
 2.0000E-05   0.0000E+00

НОМЕР УРОВНЯ ЭНЕРГИИ
 26 
ПЕРЕДАВАЕМАЯ ЭНЕРГИЯ (МЭВ)
9.7700E-07
ЧИСЛО ЗНАЧЕНИЙ ЭНЕРГИИ ЭЛЕКТРОНА
 14 
 ЭНЕРГИЯ(МЭВ) ПОЛНОЕ СЕЧЕНИЕ(1/СМ)
 9.7700E-07   0.0000E+00
 5.0000E-06   4.4110E+01
 7.0000E-06   6.0362E+01
 1.0000E-05   4.4691E+01
 1.5000E-05   2.4377E+01
 2.0000E-05   1.3349E+01
 3.0000E-05   1.1608E+01
 4.5000E-05   7.5452E+00
 7.0000E-05   3.2502E+00
 1.0000E-04   1.2769E+00
 1.5000E-04   5.8040E-01
 2.0000E-04   4.6432E-01
 4.0000E-04   5.8040E-02
 1.0000E-03   0.0000E+00

НОМЕР УРОВНЯ ЭНЕРГИИ
 27 
ПЕРЕДАВАЕМАЯ ЭНЕРГИЯ (МЭВ)
1.6270E-06
ЧИСЛО ЗНАЧЕНИЙ ЭНЕРГИИ ЭЛЕКТРОНА
 11 
 ЭНЕРГИЯ(МЭВ) ПОЛНОЕ СЕЧЕНИЕ(1/СМ)
 1.6270E-06   0.0000E+00
 5.0000E-06   1.1608E+01
 7.0000E-06   1.9153E+01
 1.0000E-05   1.1028E+01
 1.5000E-05   4.6432E+00
 2.0000E-05   3.1922E+00
 4.5000E-05   2.3216E+00
 7.0000E-05   1.0447E+00
 1.0000E-04   2.9020E-01
 1.5000E-04   8.7060E-02
 3.0000E-04   0.0000E+00

НОМЕР УРОВНЯ ЭНЕРГИИ
 28 
ПЕРЕДАВАЕМАЯ ЭНЕРГИЯ (МЭВ)
4.2300E-06
ЧИСЛО ЗНАЧЕНИЙ ЭНЕРГИИ ЭЛЕКТРОНА
 22 
 ЭНЕРГИЯ(МЭВ) ПОЛНОЕ СЕЧЕНИЕ(1/СМ)
 4.2300E-06   0.0000E+00
 1.0000E-05   7.6033E+01
 1.5000E-05   4.3530E+01
 2.0000E-05   2.2636E+01
 3.0000E-05   7.5452E+00
 1.0000E-04   6.1523E+00
 1.5000E-04   5.2236E+00
 2.0000E-04   4.3530E+00
 3.0000E-04   3.4824E+00
 4.0000E-04   2.3216E+00
 5.0000E-04   1.7412E+00
 1.0000E-03   8.7060E-01
 2.0000E-03   4.3530E-01
 5.0000E-03   1.7412E-01
 1.0000E-02   8.7060E-02
 2.0000E-02   4.3530E-02
 5.0000E-02   1.7412E-02
 1.0000E-01   8.7060E-03
 2.0000E-01   4.3530E-03
 5.0000E-01   1.7412E-03
 1.0000E+00   8.7060E-04
 1.0000E+01   0.0000E+00

НОМЕР УРОВНЯ ЭНЕРГИИ
 29 
ПЕРЕДАВАЕМАЯ ЭНЕРГИЯ (МЭВ)
6.1200E-06
ЧИСЛО ЗНАЧЕНИЙ ЭНЕРГИИ ЭЛЕКТРОНА
 24 
 ЭНЕРГИЯ(МЭВ) ПОЛНОЕ СЕЧЕНИЕ(1/СМ)
 6.1200E-06   0.0000E+00
 2.0000E-05   5.5138E+02
 3.0000E-05   4.5445E+02
 5.0000E-05   4.0280E+02
 7.0000E-05   3.1922E+02
 1.0000E-04   2.8730E+02
 1.5000E-04   1.7412E+02
 2.0000E-04   1.4510E+02
 3.0000E-04   1.0447E+02
 4.0000E-04   8.7060E+01
 5.0000E-04   6.9648E+01
 1.0000E-03   3.8455E+01
 2.0000E-03   2.1572E+01
 5.0000E-03   9.8688E+00
 1.0000E-02   5.4034E+00
 2.0000E-02   2.9362E+00
 5.0000E-02   1.2985E+00
 1.0000E-01   6.9613E-01
 2.0000E-01   3.7151E-01
 5.0000E-01   1.6100E-01
 1.0000E+00   8.5192E-02
 2.0000E+00   4.4941E-02
 5.0000E+00   1.9216E-02
 1.0000E+01   0.0000E+00

НОМЕР УРОВНЯ ЭНЕРГИИ
 30 
ПЕРЕДАВАЕМАЯ ЭНЕРГИЯ (МЭВ)
9.7000E-06
ЧИСЛО ЗНАЧЕНИЙ ЭНЕРГИИ ЭЛЕКТРОНА
 29 
 ЭНЕРГИЯ(МЭВ) ПОЛНОЕ СЕЧЕНИЕ(1/СМ)
 9.7000E-06   0.0000E+00
 1.0000E-05   1.6182E+01
 1.1000E-05   5.2244E+01
 1.2000E-05   7.1927E+01
 1.3000E-05   8.3054E+01
 1.4000E-05   8.9442E+01
 1.5000E-05   9.3079E+01
 1.7000E-05   9.6004E+01
 2.0000E-05   9.5741E+01
 2.5000E-05   9.1826E+01
 3.0000E-05   8.7133E+01
 4.0000E-05   7.8190E+01
 5.0000E-05   7.0350E+01
 7.0000E-05   5.7763E+01
 1.0000E-04   4.4790E+01
 2.0000E-04   2.8045E+01
 5.0000E-04   1.4206E+01
 1.0000E-03   8.2330E+00
 2.0000E-03   4.6815E+00
 5.0000E-03   2.1714E+00
 1.0000E-02   1.1987E+00
 2.0000E-02   6.5585E-01
 5.0000E-02   2.9222E-01
 1.0000E-01   1.5741E-01
 2.0000E-01   8.4356E-02
 5.0000E-01   3.6730E-02
 1.0000E+00   1.9495E-02
 2.0000E+00   1.0313E-02
 5.0000E+00   0.0000E+00

