СЕЧЕНИЯ ВОЗБУЖДЕНИЯ ВРАЩАТЕЛЬНЫХ УРОВНЕЙ МОЛЕКУЛ ВОЗДУХА
ТАБЛИЦА ПОЛНЫХ СЕЧЕНИЙ(1/СМ)
ЧИСЛО УРОВНЕЙ ЭНЕРГИИ ЭЛЕКТРОНА
 2 

НОМЕР УРОВНЯ ЭНЕРГИИ
 1 
ЧИСЛО ЗНАЧЕНИЙ ЭНЕРГИИ ЭЛЕКТРОНА
 29 
 ЭНЕРГИЯ(МЭВ) ПОЛНОЕ СЕЧЕНИЕ(1/СМ) ПЕРЕДАВАЕМАЯ ЭНЕРГИЯ(МЭВ)
 0.0000E+00   7.7871E+02           -9.7953E-09
 1.0000E-09   7.7871E+02           -9.7953E-09
 2.0000E-09   5.8103E+02           -9.6917E-09
 3.0000E-09   5.0959E+02           -9.3280E-09
 4.0000E-09   4.6762E+02           -9.0936E-09
 5.0000E-09   4.5488E+02           -8.4729E-09
 6.0000E-09   4.4252E+02           -8.0978E-09
 7.0000E-09   4.4815E+02           -7.3184E-09
 8.0000E-09   4.4784E+02           -6.8568E-09
 9.0000E-09   4.6079E+02           -6.0468E-09
 1.0000E-08   4.6617E+02           -5.5646E-09
 2.0000E-08   5.5870E+02           -1.2576E-09
 3.0000E-08   5.8808E+02           9.8028E-11
 4.0000E-08   5.9837E+02           6.3219E-10
 5.0000E-08   6.0363E+02           9.2724E-10
 6.0000E-08   6.0682E+02           1.1166E-09
 7.0000E-08   6.0896E+02           1.2490E-09
 8.0000E-08   6.1050E+02           1.3468E-09
 9.0000E-08   6.1165E+02           1.4222E-09
 1.0000E-07   6.1254E+02           1.4820E-09
 2.0000E-07   6.1629E+02           1.7471E-09
 3.0000E-07   6.1744E+02           1.8342E-09
 4.0000E-07   6.1800E+02           1.8775E-09
 5.0000E-07   6.1833E+02           1.9035E-09
 6.0000E-07   6.1855E+02           1.9207E-09
 7.0000E-07   6.1870E+02           1.9330E-09
 8.0000E-07   6.1882E+02           1.9423E-09
 9.0000E-07   6.1891E+02           1.9494E-09
 1.0000E-06   6.1898E+02           1.9552E-09

НОМЕР УРОВНЯ ЭНЕРГИИ
 2 
ЧИСЛО ЗНАЧЕНИЙ ЭНЕРГИИ ЭЛЕКТРОНА
 29 
 ЭНЕРГИЯ(МЭВ) ПОЛНОЕ СЕЧЕНИЕ(1/СМ) ПЕРЕДАВАЕМАЯ ЭНЕРГИЯ(МЭВ)
 0.0000E+00   1.3678E+01           -8.3379E-09
 1.0000E-09   1.3678E+01           -8.3379E-09
 2.0000E-09   1.0407E+01           -8.1193E-09
 3.0000E-09   9.1012E+00           -7.9001E-09
 4.0000E-09   8.6207E+00           -7.4035E-09
 5.0000E-09   8.4372E+00           -6.8479E-09
 6.0000E-09   8.3014E+00           -6.4406E-09
 7.0000E-09   8.4829E+00           -5.7091E-09
 8.0000E-09   8.6899E+00           -5.0349E-09
 9.0000E-09   8.8655E+00           -4.4851E-09
 1.0000E-08   9.0853E+00           -3.9315E-09
 2.0000E-08   1.0569E+01           -7.3690E-10
 3.0000E-08   1.0921E+01           1.1043E-10
 4.0000E-08   1.1051E+01           4.7030E-10
 5.0000E-08   1.1118E+01           6.7509E-10
 6.0000E-08   1.1160E+01           8.0812E-10
 7.0000E-08   1.1188E+01           9.0170E-10
 8.0000E-08   1.1208E+01           9.7117E-10
 9.0000E-08   1.1223E+01           1.0248E-09
 1.0000E-07   1.1235E+01           1.0675E-09
 2.0000E-07   1.1284E+01           1.2576E-09
 3.0000E-07   1.1299E+01           1.3202E-09
 4.0000E-07   1.1306E+01           1.3514E-09
 5.0000E-07   1.1311E+01           1.3701E-09
 6.0000E-07   1.1314E+01           1.3826E-09
 7.0000E-07   1.1316E+01           1.3915E-09
 8.0000E-07   1.1317E+01           1.3981E-09
 9.0000E-07   1.1318E+01           1.4033E-09
 1.0000E-06   1.1319E+01           1.4075E-09

