¬ÓÁ·ÛÊ‰ÂÌËÂ ˝ÎÂÍÚÓÌÓ‚ ‚ air+
“¿¡À»÷¿ œŒÀÕ€’ —≈◊≈Õ»…(1/—Ã)
1
◊»—ÀŒ ”–Œ¬Õ≈… ›Õ≈–√»» ›À≈ “–ŒÕ¿
 1

ÕŒÃ≈– ”–Œ¬Õﬂ ›Õ≈–√»»
 1
›Õ≈–√»ﬂ ¬Œ«¡”∆ƒ≈Õ»ﬂ(Ã˝¬)
9.999999999999999e-05
◊ËÒÎÓ ÒÚÓÍ ‰‡ÌÌ˚ı
 126
›ÌÂ„Ëˇ(Ã˝¬) œŒÀÕŒ≈ —≈◊≈Õ»≈(1/—Ã) œÓÚÂˇ ˝ÌÂ„ËË(Ã˝¬) 
 1.00000E-04    6.20883E+03        1.99478E-05 
 1.09648E-04    5.92431E+03        2.01213E-05 
 1.20226E-04    5.65291E+03        2.02969E-05 
 1.31826E-04    5.35948E+03        2.05021E-05 
 1.44544E-04    5.05754E+03        2.07299E-05 
 1.58489E-04    4.74453E+03        2.09006E-05 
 1.73780E-04    4.43323E+03        2.10323E-05 
 1.90546E-04    4.13247E+03        2.12032E-05 
 2.08930E-04    3.83376E+03        2.13578E-05 
 2.29087E-04    3.53863E+03        2.14901E-05 
 2.51189E-04    3.26521E+03        2.16227E-05 
 2.75423E-04    2.99566E+03        2.17441E-05 
 3.01995E-04    2.74679E+03        2.18646E-05 
 3.31131E-04    2.50132E+03        2.19611E-05 
 3.63078E-04    2.27586E+03        2.20727E-05 
 3.98107E-04    2.06820E+03        2.22069E-05 
 4.36516E-04    1.88695E+03        2.23014E-05 
 4.78630E-04    1.71179E+03        2.24183E-05 
 5.24807E-04    1.55152E+03        2.25306E-05 
 5.75440E-04    1.40633E+03        2.26329E-05 
 6.30957E-04    1.27535E+03        2.27335E-05 
 6.91831E-04    1.15665E+03        2.28325E-05 
 7.58578E-04    1.04942E+03        2.29230E-05 
 8.31764E-04    9.52654E+02        2.30110E-05 
 9.12011E-04    8.65375E+02        2.30920E-05 
 1.00000E-03    7.85733E+02        2.31943E-05 
 1.09648E-03    7.15665E+02        2.32756E-05 
 1.20226E-03    6.51803E+02        2.33601E-05 
 1.31826E-03    5.94272E+02        2.34407E-05 
 1.44544E-03    5.42228E+02        2.35206E-05 
 1.58489E-03    4.94931E+02        2.35985E-05 
 1.73780E-03    4.51878E+02        2.36751E-05 
 1.90546E-03    4.12756E+02        2.37491E-05 
 2.08930E-03    3.77121E+02        2.38217E-05 
 2.29087E-03    3.44649E+02        2.38928E-05 
 2.51189E-03    3.15047E+02        2.39637E-05 
 2.75423E-03    2.89189E+02        2.40275E-05 
 3.01995E-03    2.65449E+02        2.40916E-05 
 3.31131E-03    2.43554E+02        2.41582E-05 
 3.63078E-03    2.23371E+02        2.42240E-05 
 3.98107E-03    2.04731E+02        2.42882E-05 
 4.36516E-03    1.88253E+02        2.43387E-05 
 4.78630E-03    1.72047E+02        2.44061E-05 
 5.24807E-03    1.57102E+02        2.44690E-05 
 5.75440E-03    1.43701E+02        2.45269E-05 
 6.30957E-03    1.31452E+02        2.45896E-05 
 6.91831E-03    1.20292E+02        2.46502E-05 
 7.58578E-03    1.10479E+02        2.47066E-05 
 8.31764E-03    1.01551E+02        2.47579E-05 
 9.12011E-03    9.33795E+01        2.48059E-05 
 1.00000E-02    8.58573E+01        2.48693E-05 
 1.09648E-02    7.90503E+01        2.49155E-05 
 1.20226E-02    7.27496E+01        2.49731E-05 
 1.31826E-02    6.69647E+01        2.50255E-05 
 1.44544E-02    6.16310E+01        2.50821E-05 
 1.58489E-02    5.67242E+01        2.51364E-05 
 1.73780E-02    5.22092E+01        2.51891E-05 
 1.90546E-02    4.80385E+01        2.52397E-05 
 2.08930E-02    4.41948E+01        2.52856E-05 
 2.29087E-02    4.06491E+01        2.53293E-05 
 2.51189E-02    3.73722E+01        2.53840E-05 
 2.75423E-02    3.43760E+01        2.54262E-05 
 3.01995E-02    3.16143E+01        2.54731E-05 
 3.31131E-02    2.90722E+01        2.55151E-05 
 3.63078E-02    2.67290E+01        2.55550E-05 
 3.98107E-02    2.45674E+01        2.55919E-05 
 4.36516E-02    2.25756E+01        2.56259E-05 
 4.78630E-02    2.08882E+01        2.56727E-05 
 5.24807E-02    1.92904E+01        2.57152E-05 
 5.75440E-02    1.78256E+01        2.57564E-05 
 6.30957E-02    1.65193E+01        2.58008E-05 
 6.91831E-02    1.52744E+01        2.58406E-05 
 7.58578E-02    1.41377E+01        2.58802E-05 
 8.31764E-02    1.30344E+01        2.59134E-05 
 9.12011E-02    1.19908E+01        2.59419E-05 
 1.00000E-01    1.12530E+01        2.59939E-05 
 1.09648E-01    1.04561E+01        2.60291E-05 
 1.20226E-01    9.71584E+00        2.60645E-05 
 1.31826E-01    9.03848E+00        2.60975E-05 
 1.44544E-01    8.41565E+00        2.61288E-05 
 1.58489E-01    7.85329E+00        2.61617E-05 
 1.73780E-01    7.33958E+00        2.61956E-05 
 1.90546E-01    6.91949E+00        2.62283E-05 
 2.08930E-01    6.52823E+00        2.62615E-05 
 2.29087E-01    6.15921E+00        2.62954E-05 
 2.51189E-01    5.81342E+00        2.63297E-05 
 2.75423E-01    5.52541E+00        2.63682E-05 
 3.01995E-01    5.25367E+00        2.64065E-05 
 3.31131E-01    5.01885E+00        2.64399E-05 
 3.63078E-01    4.80425E+00        2.64794E-05 
 3.98107E-01    4.61284E+00        2.65279E-05 
 4.36516E-01    4.45253E+00        2.65677E-05 
 4.78630E-01    4.29817E+00        2.66134E-05 
 5.24807E-01    4.14945E+00        2.66590E-05 
 5.75440E-01    4.00606E+00        2.67053E-05 
 6.30957E-01    3.88607E+00        2.67533E-05 
 6.91831E-01    3.78503E+00        2.67995E-05 
 7.58578E-01    3.68928E+00        2.68552E-05 
 8.31764E-01    3.59687E+00        2.69091E-05 
 9.12011E-01    3.50731E+00        2.69596E-05 
 1.00000E+00    3.41921E+00        2.70178E-05 
 1.09648E+00    3.36094E+00        2.70646E-05 
 1.20226E+00    3.30375E+00        2.71117E-05 
 1.31826E+00    3.24659E+00        2.71671E-05 
 1.44544E+00    3.18977E+00        2.72288E-05 
 1.58489E+00    3.13652E+00        2.72693E-05 
 1.73780E+00    3.08589E+00        2.72956E-05 
 1.90546E+00    3.04422E+00        2.73264E-05 
 2.08930E+00    3.00850E+00        2.73597E-05 
 2.29087E+00    2.97836E+00        2.73956E-05 
 2.51189E+00    2.94853E+00        2.74321E-05 
 2.75423E+00    2.91813E+00        2.74780E-05 
 3.01995E+00    2.88804E+00        2.75249E-05 
 3.31131E+00    2.85758E+00        2.75822E-05 
 3.63078E+00    2.83318E+00        2.76437E-05 
 3.98107E+00    2.81758E+00        2.77117E-05 
 4.36516E+00    2.80757E+00        2.77270E-05 
 4.78630E+00    2.79778E+00        2.77407E-05 
 5.24807E+00    2.78792E+00        2.77561E-05 
 5.75440E+00    2.77796E+00        2.77735E-05 
 6.30957E+00    2.76831E+00        2.77929E-05 
 6.91831E+00    2.75900E+00        2.78128E-05 
 7.58578E+00    2.74945E+00        2.78361E-05 
 8.31764E+00    2.73977E+00        2.78613E-05 
 9.12011E+00    2.72989E+00        2.78892E-05 
 1.00000E+01    2.71980E+00        2.79203E-05 
