Сила торможения электронов в air+ ro = 0.00123
Число строк данных
 126

Энергия(МЭВ) Торм полн(MeV/см) Торм без рад(МэВ/см)
 1.0000E-04     3.2942E-01     3.2942E-01  
 1.0965E-04     3.3142E-01     3.3142E-01  
 1.2023E-04     3.3183E-01     3.3183E-01  
 1.3183E-04     3.2972E-01     3.2972E-01  
 1.4454E-04     3.2644E-01     3.2644E-01  
 1.5849E-04     3.2262E-01     3.2262E-01  
 1.7378E-04     3.1492E-01     3.1492E-01  
 1.9055E-04     3.0756E-01     3.0756E-01  
 2.0893E-04     3.0000E-01     3.0000E-01  
 2.2909E-04     2.9177E-01     2.9177E-01  
 2.5119E-04     2.8354E-01     2.8354E-01  
 2.7542E-04     2.7151E-01     2.7151E-01  
 3.0200E-04     2.6026E-01     2.6026E-01  
 3.3113E-04     2.4780E-01     2.4780E-01  
 3.6308E-04     2.3544E-01     2.3543E-01  
 3.9811E-04     2.2366E-01     2.2366E-01  
 4.3652E-04     2.1282E-01     2.1282E-01  
 4.7863E-04     2.0191E-01     2.0190E-01  
 5.2481E-04     1.9104E-01     1.9104E-01  
 5.7544E-04     1.8071E-01     1.8071E-01  
 6.3096E-04     1.7080E-01     1.7080E-01  
 6.9183E-04     1.6104E-01     1.6103E-01  
 7.5858E-04     1.5181E-01     1.5180E-01  
 8.3176E-04     1.4314E-01     1.4314E-01  
 9.1201E-04     1.3475E-01     1.3475E-01  
 1.0000E-03     1.2682E-01     1.2682E-01  
 1.0965E-03     1.1937E-01     1.1937E-01  
 1.2023E-03     1.1238E-01     1.1238E-01  
 1.3183E-03     1.0569E-01     1.0568E-01  
 1.4454E-03     9.9327E-02     9.9323E-02  
 1.5849E-03     9.3415E-02     9.3412E-02  
 1.7378E-03     8.7837E-02     8.7833E-02  
 1.9055E-03     8.2647E-02     8.2643E-02  
 2.0893E-03     7.7777E-02     7.7773E-02  
 2.2909E-03     7.3206E-02     7.3202E-02  
 2.5119E-03     6.8869E-02     6.8865E-02  
 2.7542E-03     6.4813E-02     6.4809E-02  
 3.0200E-03     6.1063E-02     6.1059E-02  
 3.3113E-03     5.7586E-02     5.7582E-02  
 3.6308E-03     5.4316E-02     5.4312E-02  
 3.9811E-03     5.1298E-02     5.1294E-02  
 4.3652E-03     4.8109E-02     4.8105E-02  
 4.7863E-03     4.5051E-02     4.5046E-02  
 5.2481E-03     4.2125E-02     4.2121E-02  
 5.7544E-03     3.9408E-02     3.9403E-02  
 6.3096E-03     3.6881E-02     3.6876E-02  
 6.9183E-03     3.4308E-02     3.4304E-02  
 7.5858E-03     3.1873E-02     3.1868E-02  
 8.3176E-03     2.9612E-02     2.9607E-02  
 9.1201E-03     2.7486E-02     2.7482E-02  
 1.0000E-02     2.5461E-02     2.5456E-02  
 1.0965E-02     2.3582E-02     2.3578E-02  
 1.2023E-02     2.1847E-02     2.1843E-02  
 1.3183E-02     2.0238E-02     2.0233E-02  
 1.4454E-02     1.8727E-02     1.8722E-02  
 1.5849E-02     1.7332E-02     1.7327E-02  
 1.7378E-02     1.6044E-02     1.6040E-02  
 1.9055E-02     1.4857E-02     1.4852E-02  
 2.0893E-02     1.3762E-02     1.3757E-02  
 2.2909E-02     1.2751E-02     1.2747E-02  
 2.5119E-02     1.1819E-02     1.1814E-02  
 2.7542E-02     1.0963E-02     1.0958E-02  
 3.0200E-02     1.0172E-02     1.0167E-02  
 3.3113E-02     9.4408E-03     9.4359E-03  
 3.6308E-02     8.7631E-03     8.7582E-03  
 3.9811E-02     8.1267E-03     8.1218E-03  
 4.3652E-02     7.5486E-03     7.5437E-03  
 4.7863E-02     7.0188E-03     7.0139E-03  
 5.2481E-02     6.5299E-03     6.5250E-03  
 5.7544E-02     6.0790E-03     6.0740E-03  
 6.3096E-02     5.6634E-03     5.6584E-03  
 6.9183E-02     5.2862E-03     5.2812E-03  
 7.5858E-02     4.9350E-03     4.9300E-03  
 8.3176E-02     4.6064E-03     4.6014E-03  
 9.1201E-02     4.2977E-03     4.2926E-03  
 1.0000E-01     4.0175E-03     4.0124E-03  
 1.0965E-01     3.9065E-03     3.9014E-03  
 1.2023E-01     3.8021E-03     3.7969E-03  
 1.3183E-01     3.7107E-03     3.7054E-03  
 1.4454E-01     3.6309E-03     3.6255E-03  
 1.5849E-01     3.5559E-03     3.5503E-03  
 1.7378E-01     3.4785E-03     3.4728E-03  
 1.9055E-01     3.4067E-03     3.4009E-03  
 2.0893E-01     3.3438E-03     3.3379E-03  
 2.2909E-01     3.2889E-03     3.2827E-03  
 2.5119E-01     3.2364E-03     3.2300E-03  
 2.7542E-01     3.1945E-03     3.1879E-03  
 3.0200E-01     3.1544E-03     3.1475E-03  
 3.3113E-01     3.1198E-03     3.1126E-03  
 3.6308E-01     3.0900E-03     3.0824E-03  
 3.9811E-01     3.0617E-03     3.0536E-03  
 4.3652E-01     3.0349E-03     3.0264E-03  
 4.7863E-01     3.0091E-03     3.0000E-03  
 5.2481E-01     2.9863E-03     2.9766E-03  
 5.7544E-01     2.9663E-03     2.9560E-03  
 6.3096E-01     2.9476E-03     2.9365E-03  
 6.9183E-01     2.9469E-03     2.9350E-03  
 7.5858E-01     2.9467E-03     2.9339E-03  
 8.3176E-01     2.9469E-03     2.9330E-03  
 9.1201E-01     2.9474E-03     2.9325E-03  
 1.0000E+00     2.9484E-03     2.9321E-03  
 1.0965E+00     2.9505E-03     2.9329E-03  
 1.2023E+00     2.9531E-03     2.9339E-03  
 1.3183E+00     2.9592E-03     2.9378E-03  
 1.4454E+00     2.9686E-03     2.9450E-03  
 1.5849E+00     2.9788E-03     2.9525E-03  
 1.7378E+00     2.9898E-03     2.9605E-03  
 1.9055E+00     3.0018E-03     2.9692E-03  
 2.0893E+00     3.0149E-03     2.9786E-03  
 2.2909E+00     3.0291E-03     2.9886E-03  
 2.5119E+00     3.0443E-03     2.9992E-03  
 2.7542E+00     3.0560E-03     3.0057E-03  
 3.0200E+00     3.0686E-03     3.0126E-03  
 3.3113E+00     3.0822E-03     3.0198E-03  
 3.6308E+00     3.0971E-03     3.0275E-03  
 3.9811E+00     3.1134E-03     3.0359E-03  
 4.3652E+00     3.1310E-03     3.0446E-03  
 4.7863E+00     3.1501E-03     3.0538E-03  
 5.2481E+00     3.1700E-03     3.0627E-03  
 5.7544E+00     3.1908E-03     3.0714E-03  
 6.3096E+00     3.2134E-03     3.0805E-03  
 6.9183E+00     3.2389E-03     3.0911E-03  
 7.5858E+00     3.2666E-03     3.1021E-03  
 8.3176E+00     3.2967E-03     3.1136E-03  
 9.1201E+00     3.3294E-03     3.1257E-03  
 1.0000E+01     3.3650E-03     3.1384E-03  
